Similarity Matrix for good
           Christian     Hindu    Judaic    Muslim  Buddhist   Chinese
Christian   1.000000  0.432184  0.501521  0.543416  0.239851  0.227424
Hindu       0.432184  1.000000  0.339626  0.523304  0.273970  0.173474
Judaic      0.501521  0.339626  1.000000  0.372582  0.127928  0.145452
Muslim      0.543416  0.523304  0.372582  1.000000  0.219095  0.232863
Buddhist    0.239851  0.273970  0.127928  0.219095  1.000000  0.074361
Chinese     0.227424  0.173474  0.145452  0.232863  0.074361  1.000000

Similarity Matrix for bad
           Christian     Hindu    Judaic    Muslim  Buddhist   Chinese
Christian   1.000000  0.215298  0.191613  0.160816  0.097592  0.046248
Hindu       0.215298  1.000000  0.637172  0.265519  0.232737  0.247051
Judaic      0.191613  0.637172  1.000000  0.175558  0.302413  0.176015
Muslim      0.160816  0.265519  0.175558  1.000000  0.107603  0.190585
Buddhist    0.097592  0.232737  0.302413  0.107603  1.000000  0.087628
Chinese     0.046248  0.247051  0.176015  0.190585  0.087628  1.000000

Similarity Matrix for heaven
           Christian     Hindu    Judaic    Muslim  Buddhist   Chinese
Christian   1.000000  0.101197  0.272977  0.091462  0.183733  0.204763
Hindu       0.101197  1.000000  0.201253  0.072976  0.247723  0.245501
Judaic      0.272977  0.201253  1.000000  0.146775  0.377079  0.481820
Muslim      0.091462  0.072976  0.146775  1.000000  0.122343  0.156619
Buddhist    0.183733  0.247723  0.377079  0.122343  1.000000  0.461216
Chinese     0.204763  0.245501  0.481820  0.156619  0.461216  1.000000

Similarity Matrix for hell
           Christian     Hindu    Judaic    Muslim  Buddhist   Chinese
Christian   1.000000  0.110081  0.231618  0.192588  0.108170  0.093306
Hindu       0.110081  1.000000  0.518692  0.530639  0.252460  0.179843
Judaic      0.231618  0.518692  1.000000  0.598447  0.227858  0.234290
Muslim      0.192588  0.530639  0.598447  1.000000  0.247091  0.262852
Buddhist    0.108170  0.252460  0.227858  0.247091  1.000000  0.085534
Chinese     0.093306  0.179843  0.234290  0.262852  0.085534  1.000000

Similarity Matrix for man
           Christian     Hindu    Judaic    Muslim  Buddhist   Chinese
Christian   1.000000  0.261455  0.071559  0.140665  0.304121  0.105969
Hindu       0.261455  1.000000  0.237728  0.329069  0.567120  0.185926
Judaic      0.071559  0.237728  1.000000  0.125747  0.235704  0.116716
Muslim      0.140665  0.329069  0.125747  1.000000  0.333348  0.060621
Buddhist    0.304121  0.567120  0.235704  0.333348  1.000000  0.257209
Chinese     0.105969  0.185926  0.116716  0.060621  0.257209  1.000000

Similarity Matrix for king
           Christian     Hindu    Judaic    Muslim  Buddhist   Chinese
Christian   1.000000  0.208599  0.242635  0.057217  0.187494  0.110658
Hindu       0.208599  1.000000  0.139309  0.090138  0.186869  0.117125
Judaic      0.242635  0.139309  1.000000  0.064351  0.242490  0.099215
Muslim      0.057217  0.090138  0.064351  1.000000  0.085367  0.099542
Buddhist    0.187494  0.186869  0.242490  0.085367  1.000000  0.148052
Chinese     0.110658  0.117125  0.099215  0.099542  0.148052  1.000000

Similarity Matrix for evil
           Christian     Hindu    Judaic    Muslim  Buddhist   Chinese
Christian   1.000000  0.168536  0.256183  0.101424  0.213470  0.082690
Hindu       0.168536  1.000000  0.403396  0.192589  0.495269  0.271543
Judaic      0.256183  0.403396  1.000000  0.230890  0.557200  0.296857
Muslim      0.101424  0.192589  0.230890  1.000000  0.168525  0.075617
Buddhist    0.213470  0.495269  0.557200  0.168525  1.000000  0.231926
Chinese     0.082690  0.271543  0.296857  0.075617  0.231926  1.000000

Similarity Matrix for holy
           Christian     Hindu    Judaic    Muslim  Buddhist   Chinese
Christian   1.000000  0.291960  0.017603  0.143090  0.267847  0.184381
Hindu       0.291960  1.000000  0.138332  0.253688  0.584580  0.461979
Judaic      0.017603  0.138332  1.000000  0.155964  0.249492  0.257376
Muslim      0.143090  0.253688  0.155964  1.000000  0.299421  0.180335
Buddhist    0.267847  0.584580  0.249492  0.299421  1.000000  0.476514
Chinese     0.184381  0.461979  0.257376  0.180335  0.476514  1.000000

Similarity Matrix for peace
           Christian     Hindu    Judaic    Muslim  Buddhist   Chinese
Christian   1.000000  0.163279  0.043260  0.271946  0.063580  0.185881
Hindu       0.163279  1.000000  0.084654  0.211450  0.053253 -0.003403
Judaic      0.043260  0.084654  1.000000  0.221117  0.186139  0.127333
Muslim      0.271946  0.211450  0.221117  1.000000  0.227777  0.278341
Buddhist    0.063580  0.053253  0.186139  0.227777  1.000000  0.023188
Chinese     0.185881 -0.003403  0.127333  0.278341  0.023188  1.000000

Similarity Matrix for salvation
           Christian     Hindu    Judaic    Muslim  Buddhist   Chinese
Christian   1.000000  0.480220  0.480312  0.251566  0.274243  0.528607
Hindu       0.480220  1.000000  0.412784  0.175143  0.277213  0.438407
Judaic      0.480312  0.412784  1.000000  0.147561  0.137292  0.469688
Muslim      0.251566  0.175143  0.147561  1.000000  0.082385  0.164138
Buddhist    0.274243  0.277213  0.137292  0.082385  1.000000  0.194072
Chinese     0.528607  0.438407  0.469688  0.164138  0.194072  1.000000

Similarity Matrix for eternal
           Christian     Hindu    Judaic    Muslim  Buddhist   Chinese
Christian   1.000000  0.234333  0.200263  0.138440  0.164182  0.047237
Hindu       0.234333  1.000000  0.417594  0.434400  0.514383  0.171448
Judaic      0.200263  0.417594  1.000000  0.339333  0.397304  0.130120
Muslim      0.138440  0.434400  0.339333  1.000000  0.548814  0.180854
Buddhist    0.164182  0.514383  0.397304  0.548814  1.000000  0.185584
Chinese     0.047237  0.171448  0.130120  0.180854  0.185584  1.000000

Similarity Matrix for time
           Christian     Hindu    Judaic    Muslim  Buddhist   Chinese
Christian   1.000000  0.593346  0.566891  0.316166  0.445306  0.238847
Hindu       0.593346  1.000000  0.494419  0.282903  0.454164  0.209814
Judaic      0.566891  0.494419  1.000000  0.251148  0.473051  0.193995
Muslim      0.316166  0.282903  0.251148  1.000000  0.205315  0.143498
Buddhist    0.445306  0.454164  0.473051  0.205315  1.000000  0.171024
Chinese     0.238847  0.209814  0.193995  0.143498  0.171024  1.000000

Similarity Matrix for destroy
           Christian     Hindu    Judaic    Muslim  Buddhist   Chinese
Christian   1.000000  0.662025  0.627639  0.659699  0.630508  0.452056
Hindu       0.662025  1.000000  0.456351  0.527468  0.493594  0.368503
Judaic      0.627639  0.456351  1.000000  0.577607  0.524955  0.446585
Muslim      0.659699  0.527468  0.577607  1.000000  0.570731  0.435995
Buddhist    0.630508  0.493594  0.524955  0.570731  1.000000  0.405109
Chinese     0.452056  0.368503  0.446585  0.435995  0.405109  1.000000

Similarity Matrix for pray
           Christian     Hindu    Judaic    Muslim  Buddhist   Chinese
Christian   1.000000  0.216136  0.281948  0.760736  0.620754  0.423197
Hindu       0.216136  1.000000  0.083002  0.206717  0.192025  0.089509
Judaic      0.281948  0.083002  1.000000  0.288842  0.238999  0.167357
Muslim      0.760736  0.206717  0.288842  1.000000  0.588900  0.467494
Buddhist    0.620754  0.192025  0.238999  0.588900  1.000000  0.387568
Chinese     0.423197  0.089509  0.167357  0.467494  0.387568  1.000000

Similarity Matrix for god
           Christian     Hindu    Judaic    Muslim  Buddhist   Chinese
Christian   1.000000  0.175110  0.352274  0.389684  0.305792  0.005547
Hindu       0.175110  1.000000  0.246939  0.235719  0.148154  0.066030
Judaic      0.352274  0.246939  1.000000  0.526801  0.426553  0.217198
Muslim      0.389684  0.235719  0.526801  1.000000  0.471240  0.220350
Buddhist    0.305792  0.148154  0.426553  0.471240  1.000000  0.203061
Chinese     0.005547  0.066030  0.217198  0.220350  0.203061  1.000000

Similarity Matrix for faith
           Christian     Hindu    Judaic    Muslim  Buddhist   Chinese
Christian   1.000000  0.429793  0.162647  0.217009  0.184705  0.227206
Hindu       0.429793  1.000000  0.147957  0.224470  0.190343  0.161148
Judaic      0.162647  0.147957  1.000000  0.097355  0.022474  0.065417
Muslim      0.217009  0.224470  0.097355  1.000000  0.128855  0.174595
Buddhist    0.184705  0.190343  0.022474  0.128855  1.000000  0.010805
Chinese     0.227206  0.161148  0.065417  0.174595  0.010805  1.000000

Similarity Matrix for death
           Christian     Hindu    Judaic    Muslim  Buddhist   Chinese
Christian   1.000000  0.089490  0.196288  0.076234  0.112289  0.212438
Hindu       0.089490  1.000000  0.269162  0.041241  0.082491  0.225616
Judaic      0.196288  0.269162  1.000000  0.247926  0.235265  0.431450
Muslim      0.076234  0.041241  0.247926  1.000000  0.094806  0.124422
Buddhist    0.112289  0.082491  0.235265  0.094806  1.000000  0.152323
Chinese     0.212438  0.225616  0.431450  0.124422  0.152323  1.000000

Similarity Matrix for birth
           Christian     Hindu    Judaic    Muslim  Buddhist   Chinese
Christian   1.000000  0.222847  0.015992  0.210986  0.068927  0.070951
Hindu       0.222847  1.000000  0.165795  0.487685  0.384461  0.214899
Judaic      0.015992  0.165795  1.000000  0.259656  0.054610  0.085882
Muslim      0.210986  0.487685  0.259656  1.000000  0.406099  0.184247
Buddhist    0.068927  0.384461  0.054610  0.406099  1.000000  0.083806
Chinese     0.070951  0.214899  0.085882  0.184247  0.083806  1.000000

Similarity Matrix for life
           Christian     Hindu    Judaic    Muslim  Buddhist   Chinese
Christian   1.000000  0.160744  0.206148  0.214058  0.160077  0.211364
Hindu       0.160744  1.000000  0.364347  0.491285  0.220266  0.472938
Judaic      0.206148  0.364347  1.000000  0.551844  0.137177  0.433064
Muslim      0.214058  0.491285  0.551844  1.000000  0.201391  0.549551
Buddhist    0.160077  0.220266  0.137177  0.201391  1.000000  0.240328
Chinese     0.211364  0.472938  0.433064  0.549551  0.240328  1.000000

Similarity Matrix for war
           Christian     Hindu    Judaic    Muslim  Buddhist   Chinese
Christian   1.000000  0.480469  0.228620  0.192708  0.534863  0.401888
Hindu       0.480469  1.000000  0.177609  0.324161  0.585911  0.403970
Judaic      0.228620  0.177609  1.000000  0.012993  0.249073  0.214603
Muslim      0.192708  0.324161  0.012993  1.000000  0.263375  0.109694
Buddhist    0.534863  0.585911  0.249073  0.263375  1.000000  0.468578
Chinese     0.401888  0.403970  0.214603  0.109694  0.468578  1.000000

Similarity Matrix for child
           Christian     Hindu    Judaic    Muslim  Buddhist   Chinese
Christian   1.000000  0.227001  0.245323  0.112471  0.000008  0.235834
Hindu       0.227001  1.000000  0.527323  0.466481  0.245000  0.602208
Judaic      0.245323  0.527323  1.000000  0.413281  0.239978  0.613953
Muslim      0.112471  0.466481  0.413281  1.000000  0.215515  0.584177
Buddhist    0.000008  0.245000  0.239978  0.215515  1.000000  0.194227
Chinese     0.235834  0.602208  0.613953  0.584177  0.194227  1.000000

Similarity Matrix for sin
           Christian     Hindu    Judaic    Muslim  Buddhist   Chinese
Christian   1.000000  0.193055  0.539377  0.530436  0.199043  0.217439
Hindu       0.193055  1.000000  0.180825  0.242376  0.064058  0.206702
Judaic      0.539377  0.180825  1.000000  0.532908  0.228871  0.169567
Muslim      0.530436  0.242376  0.532908  1.000000  0.190198  0.157353
Buddhist    0.199043  0.064058  0.228871  0.190198  1.000000  0.017306
Chinese     0.217439  0.206702  0.169567  0.157353  0.017306  1.000000

Similarity Matrix for body
           Christian     Hindu    Judaic    Muslim  Buddhist   Chinese
Christian   1.000000  0.214038  0.215426  0.495795  0.257617  0.472083
Hindu       0.214038  1.000000  0.230770  0.237565  0.038350  0.191534
Judaic      0.215426  0.230770  1.000000  0.165486  0.132263  0.274346
Muslim      0.495795  0.237565  0.165486  1.000000  0.228236  0.557079
Buddhist    0.257617  0.038350  0.132263  0.228236  1.000000  0.237687
Chinese     0.472083  0.191534  0.274346  0.557079  0.237687  1.000000

Similarity Matrix for mercy
           Christian     Hindu    Judaic    Muslim  Buddhist   Chinese
Christian   1.000000  0.147060  0.229259  0.285151  0.203413  0.031969
Hindu       0.147060  1.000000  0.270725  0.265033  0.136507  0.104531
Judaic      0.229259  0.270725  1.000000  0.623070  0.476491  0.163090
Muslim      0.285151  0.265033  0.623070  1.000000  0.643214  0.298638
Buddhist    0.203413  0.136507  0.476491  0.643214  1.000000  0.119478
Chinese     0.031969  0.104531  0.163090  0.298638  0.119478  1.000000

Similarity Matrix for love
           Christian     Hindu    Judaic    Muslim  Buddhist   Chinese
Christian   1.000000  0.190404  0.186223  0.241987  0.188826  0.248935
Hindu       0.190404  1.000000  0.474091  0.444186  0.327298  0.503413
Judaic      0.186223  0.474091  1.000000  0.510815  0.382147  0.634794
Muslim      0.241987  0.444186  0.510815  1.000000  0.479125  0.718775
Buddhist    0.188826  0.327298  0.382147  0.479125  1.000000  0.538037
Chinese     0.248935  0.503413  0.634794  0.718775  0.538037  1.000000

Similarity Matrix for hate
           Christian     Hindu    Judaic    Muslim  Buddhist   Chinese
Christian   1.000000  0.230179  0.623096  0.657703  0.234362  0.313846
Hindu       0.230179  1.000000  0.177842  0.110441  0.139633  0.104039
Judaic      0.623096  0.177842  1.000000  0.520328  0.146462  0.154179
Muslim      0.657703  0.110441  0.520328  1.000000  0.216499  0.217026
Buddhist    0.234362  0.139633  0.146462  0.216499  1.000000  0.034298
Chinese     0.313846  0.104039  0.154179  0.217026  0.034298  1.000000

Similarity Matrix for soul
           Christian     Hindu    Judaic    Muslim  Buddhist   Chinese
Christian   1.000000  0.645080  0.567399  0.738920  0.822797  0.781704
Hindu       0.645080  1.000000  0.344081  0.516194  0.522537  0.599437
Judaic      0.567399  0.344081  1.000000  0.521747  0.486685  0.556563
Muslim      0.738920  0.516194  0.521747  1.000000  0.722647  0.701637
Buddhist    0.822797  0.522537  0.486685  0.722647  1.000000  0.709093
Chinese     0.781704  0.599437  0.556563  0.701637  0.709093  1.000000

Similarity Matrix for justice
           Christian     Hindu    Judaic    Muslim  Buddhist   Chinese
Christian   1.000000  0.014266  0.065016  0.117475  0.180596  0.190879
Hindu       0.014266  1.000000  0.020015  0.002143  0.137878  0.168014
Judaic      0.065016  0.020015  1.000000  0.084851  0.198477  0.102739
Muslim      0.117475  0.002143  0.084851  1.000000  0.261456  0.250338
Buddhist    0.180596  0.137878  0.198477  0.261456  1.000000  0.461171
Chinese     0.190879  0.168014  0.102739  0.250338  0.461171  1.000000

Similarity Matrix for joy
           Christian     Hindu    Judaic    Muslim  Buddhist   Chinese
Christian   1.000000  0.241371  0.188052  0.084051  0.196599  0.129637
Hindu       0.241371  1.000000  0.549564  0.203558  0.505391  0.426248
Judaic      0.188052  0.549564  1.000000  0.208501  0.496704  0.486967
Muslim      0.084051  0.203558  0.208501  1.000000  0.246313  0.234036
Buddhist    0.196599  0.505391  0.496704  0.246313  1.000000  0.491167
Chinese     0.129637  0.426248  0.486967  0.234036  0.491167  1.000000

Similarity Matrix for suffer
           Christian     Hindu    Judaic    Muslim  Buddhist   Chinese
Christian   1.000000  0.170074  0.237124  0.057533  0.017692  0.066292
Hindu       0.170074  1.000000  0.513925  0.171096  0.184085  0.140980
Judaic      0.237124  0.513925  1.000000  0.312747  0.175028  0.288872
Muslim      0.057533  0.171096  0.312747  1.000000  0.103670  0.097215
Buddhist    0.017692  0.184085  0.175028  0.103670  1.000000  0.116307
Chinese     0.066292  0.140980  0.288872  0.097215  0.116307  1.000000

Similarity Matrix for wisdom
           Christian     Hindu    Judaic    Muslim  Buddhist   Chinese
Christian   1.000000  0.061396  0.280128  0.229671  0.057085  0.280735
Hindu       0.061396  1.000000  0.228093  0.260015  0.069029  0.256367
Judaic      0.280128  0.228093  1.000000  0.528057  0.207490  0.668026
Muslim      0.229671  0.260015  0.528057  1.000000  0.174831  0.573657
Buddhist    0.057085  0.069029  0.207490  0.174831  1.000000  0.180539
Chinese     0.280735  0.256367  0.668026  0.573657  0.180539  1.000000

Similarity Matrix for worship
           Christian     Hindu    Judaic    Muslim  Buddhist   Chinese
Christian   1.000000  0.618472  0.166821  0.657856  0.493096  0.442969
Hindu       0.618472  1.000000  0.298602  0.832724  0.608478  0.603453
Judaic      0.166821  0.298602  1.000000  0.286471  0.254167  0.220798
Muslim      0.657856  0.832724  0.286471  1.000000  0.614794  0.575377
Buddhist    0.493096  0.608478  0.254167  0.614794  1.000000  0.479760
Chinese     0.442969  0.603453  0.220798  0.575377  0.479760  1.000000

Similarity Matrix for truth
           Christian     Hindu    Judaic    Muslim  Buddhist   Chinese
Christian   1.000000  0.169597  0.245682  0.085846  0.038171  0.155000
Hindu       0.169597  1.000000  0.322255  0.190620  0.189764  0.391031
Judaic      0.245682  0.322255  1.000000  0.233125  0.217339  0.416215
Muslim      0.085846  0.190620  0.233125  1.000000  0.199018  0.284091
Buddhist    0.038171  0.189764  0.217339  0.199018  1.000000  0.234968
Chinese     0.155000  0.391031  0.416215  0.284091  0.234968  1.000000

Similarity Matrix for knowledge
           Christian     Hindu    Judaic    Muslim  Buddhist   Chinese
Christian   1.000000  0.508976  0.517675  0.645369  0.449928  0.548265
Hindu       0.508976  1.000000  0.438813  0.617018  0.427160  0.544804
Judaic      0.517675  0.438813  1.000000  0.619381  0.454447  0.542552
Muslim      0.645369  0.617018  0.619381  1.000000  0.544425  0.725609
Buddhist    0.449928  0.427160  0.454447  0.544425  1.000000  0.449728
Chinese     0.548265  0.544804  0.542552  0.725609  0.449728  1.000000

Similarity Matrix for friend
           Christian     Hindu    Judaic    Muslim  Buddhist   Chinese
Christian   1.000000  0.090888  0.282176  0.200626  0.153444  0.227310
Hindu       0.090888  1.000000  0.164799  0.167059  0.232417  0.208670
Judaic      0.282176  0.164799  1.000000  0.538759  0.500760  0.466492
Muslim      0.200626  0.167059  0.538759  1.000000  0.576806  0.485395
Buddhist    0.153444  0.232417  0.500760  0.576806  1.000000  0.527885
Chinese     0.227310  0.208670  0.466492  0.485395  0.527885  1.000000

Similarity Matrix for friendship
           Christian     Hindu    Judaic    Muslim  Buddhist   Chinese
Christian   1.000000  0.616650  0.564612  0.500147  0.168903  0.642962
Hindu       0.616650  1.000000  0.597061  0.612654  0.238321  0.642327
Judaic      0.564612  0.597061  1.000000  0.458355  0.223050  0.622187
Muslim      0.500147  0.612654  0.458355  1.000000  0.210364  0.540165
Buddhist    0.168903  0.238321  0.223050  0.210364  1.000000  0.244712
Chinese     0.642962  0.642327  0.622187  0.540165  0.244712  1.000000

Similarity Matrix for desire
           Christian     Hindu    Judaic    Muslim  Buddhist   Chinese
Christian   1.000000  0.171417  0.239642  0.081004  0.169997  0.207420
Hindu       0.171417  1.000000  0.544106  0.188868  0.474521  0.395928
Judaic      0.239642  0.544106  1.000000  0.176084  0.411893  0.433613
Muslim      0.081004  0.188868  0.176084  1.000000  0.226904  0.209514
Buddhist    0.169997  0.474521  0.411893  0.226904  1.000000  0.418611
Chinese     0.207420  0.395928  0.433613  0.209514  0.418611  1.000000

Similarity Matrix for suffering
           Christian     Hindu    Judaic    Muslim  Buddhist   Chinese
Christian   1.000000  0.448959  0.186516  0.500032  0.546693  0.498440
Hindu       0.448959  1.000000  0.107239  0.454047  0.605826  0.532452
Judaic      0.186516  0.107239  1.000000  0.168040  0.149624  0.130835
Muslim      0.500032  0.454047  0.168040  1.000000  0.600689  0.467317
Buddhist    0.546693  0.605826  0.149624  0.600689  1.000000  0.579354
Chinese     0.498440  0.532452  0.130835  0.467317  0.579354  1.000000

Similarity Matrix for happy
           Christian     Hindu    Judaic    Muslim  Buddhist   Chinese
Christian   1.000000  0.082716  0.291276  0.269049  0.232453  0.253913
Hindu       0.082716  1.000000  0.148862  0.235381  0.218602  0.158057
Judaic      0.291276  0.148862  1.000000  0.580582  0.541700  0.437979
Muslim      0.269049  0.235381  0.580582  1.000000  0.729550  0.559331
Buddhist    0.232453  0.218602  0.541700  0.729550  1.000000  0.508606
Chinese     0.253913  0.158057  0.437979  0.559331  0.508606  1.000000

Similarity Matrix for happiness
           Christian     Hindu    Judaic    Muslim  Buddhist   Chinese
Christian   1.000000  0.411743  0.409244  0.393403  0.305453  0.180218
Hindu       0.411743  1.000000  0.446226  0.424536  0.352205  0.157127
Judaic      0.409244  0.446226  1.000000  0.453907  0.373777  0.278642
Muslim      0.393403  0.424536  0.453907  1.000000  0.357683  0.140481
Buddhist    0.305453  0.352205  0.373777  0.357683  1.000000  0.223507
Chinese     0.180218  0.157127  0.278642  0.140481  0.223507  1.000000

Similarity Matrix for rejoice
           Christian     Hindu    Judaic    Muslim  Buddhist   Chinese
Christian   1.000000  0.165984  0.626000  0.162371  0.506122  0.247189
Hindu       0.165984  1.000000  0.226693  0.087358  0.192102  0.094536
Judaic      0.626000  0.226693  1.000000  0.266261  0.597447  0.246716
Muslim      0.162371  0.087358  0.266261  1.000000  0.168291  0.076394
Buddhist    0.506122  0.192102  0.597447  0.168291  1.000000  0.137954
Chinese     0.247189  0.094536  0.246716  0.076394  0.137954  1.000000